1548041334.00 -0.0828  7.2889 250   1/1250   7.2928
1548041678.58  0.0124  6.9572 250   1/1000   6.9709
1548042023.17  0.1069  6.6352 250   1/800    6.6489
1548042367.75  0.2006  6.3234 320   1/1000   6.6147
1548042712.33  0.2932  6.0220 320   1/800    6.2928
1548043056.92  0.3846  5.7313 250   1/500    5.9709
1548043401.50  0.4745  5.4498 250   1/400    5.6489
1548043746.08  0.5627  5.1429 250   1/320    5.3270
1548044090.67  0.6488  4.8008 250   1/250    4.9709
1548044435.25  0.7323  4.4187 250   1/200    4.6489
1548044779.83  0.8126  3.9095 250   1/125    3.9709
1548045124.42  0.8888  3.1728 320   1/100    3.2928
1548045469.00  0.9600  1.7645 320   1/40     1.9709
1548045813.58  1.0250 -0.0142 400   1/15     0.2339
1548046158.17  1.0821 -1.9414 500   1/5     -1.6730
1548046502.75  1.1295 -3.8012 640   6/10    -3.6141
1548046847.33  1.1653 -5.3613 800   16/10   -5.3511
1548047191.92  1.1877 -6.4041 800   32/10   -6.3511
1548047536.50  1.1953 -6.7707 1000  32/10   -6.6730
1548047881.08  1.1876 -6.4020 800   32/10   -6.3511
1548048225.67  1.1652 -5.3574 800   16/10   -5.3511
1548048570.25  1.1294 -3.7961 640   6/10    -3.6141
1548048914.83  1.0819 -1.9358 500   1/5     -1.6730
1548049259.42  1.0248 -0.0088 400   1/15     0.2339
1548049604.00  0.9598  1.7692 320   1/40     1.9709
1548049948.58  0.8886  3.1759 320   1/100    3.2928
1548050293.17  0.8123  3.9112 250   1/125    3.9709
1548050637.75  0.7321  4.4200 250   1/200    4.6489
1548050982.33  0.6486  4.8019 250   1/250    4.9709
1548051326.92  0.5625  5.1439 250   1/320    5.3270
1548051671.50  0.4743  5.4507 250   1/400    5.6489
1548052016.08  0.3843  5.7321 250   1/500    5.9709
1548052360.67  0.2929  6.0228 320   1/800    6.2928
1548052705.25  0.2003  6.3243 320   1/1000   6.6147
1548053049.83  0.1066  6.6362 250   1/800    6.6489
1548053394.42  0.0121  6.9581 250   1/1000   6.9709
1548053739.00 -0.0831  7.2899 250   1/1250   7.2928
